Argentina,AR,32
	2.4GHz:1,2,3,4,5,6,7,8,9,10,11
	5GHz:149,153,157,161,165
	5GHz DFS:
allow-dfs-channels=false
allow-11na-40=true

Australia,AU,36
	2.4GHz:1,2,3,4,5,6,7,8,9,10,11,12,13
	5GHz:36,40,44,48,52,56,60,64,100,104,108,112,116,132,136,140,149,153,157,161,165
	5GHz DFS:52,56,60,64,100,104,108,112,116,132,136,140
allow-dfs-channels=true
allow-11na-40=true

Austria,AT,40
	2.4GHz:1,2,3,4,5,6,7,8,9,10,11,12,13
	5GHz:36,40,44,48,52,56,60,64,100,104,108,112,116,120,124,128,132,136,140
	5GHz DFS:52,56,60,64,100,104,108,112,116,120,124,128,132,136,140
allow-dfs-channels=true
allow-11na-40=true

Belgium,BE,56
	2.4GHz:1,2,3,4,5,6,7,8,9,10,11,12,13
	5GHz:36,40,44,48,52,56,60,64,100,104,108,112,116,120,124,128,132,136,140
	5GHz DFS:52,56,60,64,100,104,108,112,116,120,124,128,132,136,140
allow-dfs-channels=true
allow-11na-40=true

Brazil,BR,76
	2.4GHz:1,2,3,4,5,6,7,8,9,10,11,12,13
	5GHz:36,40,44,48,52,56,60,64,100,104,108,112,116,120,124,128,132,136,140,149,153,157,161,165
	5GHz DFS:52,56,60,64,100,104,108,112,116,120,124,128,132,136,140
allow-dfs-channels=true
allow-11na-40=true

Bulgaria,BG,100
	2.4GHz:1,2,3,4,5,6,7,8,9,10,11,12,13
	5GHz:36,40,44,48,52,56,60,64,100,104,108,112,116,120,124,128,132,136,140
	5GHz DFS:52,56,60,64,100,104,108,112,116,120,124,128,132,136,140
allow-dfs-channels=true
allow-11na-40=true

Canada,CA,124
	2.4GHz:1,2,3,4,5,6,7,8,9,10,11
	5GHz:36,40,44,48,52,56,60,64,100,104,108,112,116,132,136,140,149,153,157,161,165
	5GHz DFS:52,56,60,64,100,104,108,112,116,132,136,140
allow-dfs-channels=true
allow-11na-40=true

Chile,CL,152
	2.4GHz:1,2,3,4,5,6,7,8,9,10,11,12,13
	5GHz:36,40,44,48,52,56,60,64,149,153,157,161,165
	5GHz DFS:52,56,60,64
allow-dfs-channels=true
allow-11na-40=true

China,CN,156
	2.4GHz:1,2,3,4,5,6,7,8,9,10,11,12,13
	5GHz:149,153,157,161,165
	5GHz DFS:
allow-dfs-channels=false
allow-11na-40=true

Colombia,CO,170
	2.4GHz:1,2,3,4,5,6,7,8,9,10,11,12,13
	5GHz:36,40,44,48,52,56,60,64,100,104,108,112,116,120,124,128,132,136,140
	5GHz DFS:
allow-dfs-channels=false
allow-11na-40=true

Cyprus,CY,196
	2.4GHz:1,2,3,4,5,6,7,8,9,10,11,12,13
	5GHz:36,40,44,48,52,56,60,64,100,104,108,112,116,120,124,128,132,136,140
	5GHz DFS:52,56,60,64,100,104,108,112,116,120,124,128,132,136,140
allow-dfs-channels=true
allow-11na-40=true

Czech republic,CZ,203
	2.4GHz:1,2,3,4,5,6,7,8,9,10,11,12,13
	5GHz:36,40,44,48,52,56,60,64,100,104,108,112,116,120,124,128,132,136,140
	5GHz DFS:52,56,60,64,100,104,108,112,116,120,124,128,132,136,140
allow-dfs-channels=true
allow-11na-40=true

Denmark,DK,208
	2.4GHz:1,2,3,4,5,6,7,8,9,10,11,12,13
	5GHz:36,40,44,48,52,56,60,64,100,104,108,112,116,120,124,128,132,136,140
	5GHz DFS:52,56,60,64,100,104,108,112,116,120,124,128,132,136,140
allow-dfs-channels=true
allow-11na-40=true

Ecuador,EC,218
	2.4GHz:1,2,3,4,5,6,7,8,9,10,11,12,13
	5GHz:36,40,44,48,52,56,60,64,100,104,108,112,116,120,124,128,132,136,140,149,153,157,161,165
	5GHz DFS:
allow-dfs-channels=false
allow-11na-40=true

Egypt,EG,818
	2.4GHz:1,2,3,4,5,6,7,8,9,10,11,12,13
	5GHz:36,40,44,48,52,56,60,64
	5GHz DFS:52,56,60,64
allow-dfs-channels=true
allow-11na-40=true

Estonia,EE,233
	2.4GHz:1,2,3,4,5,6,7,8,9,10,11,12,13
	5GHz:36,40,44,48,52,56,60,64,100,104,108,112,116,120,124,128,132,136,140
	5GHz DFS:52,56,60,64,100,104,108,112,116,120,124,128,132,136,140
allow-dfs-channels=true
allow-11na-40=true

Finland,FI,246
	2.4GHz:1,2,3,4,5,6,7,8,9,10,11,12,13
	5GHz:36,40,44,48,52,56,60,64,100,104,108,112,116,120,124,128,132,136,140
	5GHz DFS:52,56,60,64,100,104,108,112,116,120,124,128,132,136,140
allow-dfs-channels=true
allow-11na-40=true

France,FR,250
	2.4GHz:1,2,3,4,5,6,7,8,9,10,11,12,13
	5GHz:36,40,44,48,52,56,60,64,100,104,108,112,116,120,124,128,132,136,140
	5GHz DFS:52,56,60,64,100,104,108,112,116,120,124,128,132,136,140
allow-dfs-channels=true
allow-11na-40=true

Germany,DE,276
	2.4GHz:1,2,3,4,5,6,7,8,9,10,11,12,13
	5GHz:36,40,44,48,52,56,60,64,100,104,108,112,116,120,124,128,132,136,140
	5GHz DFS:52,56,60,64,100,104,108,112,116,120,124,128,132,136,140
allow-dfs-channels=true
allow-11na-40=true

Greece,GR,300
	2.4GHz:1,2,3,4,5,6,7,8,9,10,11,12,13
	5GHz:36,40,44,48,52,56,60,64,100,104,108,112,116,120,124,128,132,136,140
	5GHz DFS:52,56,60,64,100,104,108,112,116,120,124,128,132,136,140
allow-dfs-channels=true
allow-11na-40=true

Hong kong,HK,344
	2.4GHz:1,2,3,4,5,6,7,8,9,10,11,12,13
	5GHz:36,40,44,48,52,56,60,64,100,104,108,112,116,120,124,128,132,136,140,149,153,157,161,165
	5GHz DFS:100,104,108,112,116,120,124,128,132,136,140
allow-dfs-channels=true
allow-11na-40=true

Hungary,HU,348
	2.4GHz:1,2,3,4,5,6,7,8,9,10,11,12,13
	5GHz:36,40,44,48,52,56,60,64,100,104,108,112,116,120,124,128,132,136,140
	5GHz DFS:52,56,60,64,100,104,108,112,116,120,124,128,132,136,140
allow-dfs-channels=true
allow-11na-40=true

Iceland,IS,352
	2.4GHz:1,2,3,4,5,6,7,8,9,10,11,12,13
	5GHz:36,40,44,48,52,56,60,64,100,104,108,112,116,120,124,128,132,136,140
	5GHz DFS:52,56,60,64,100,104,108,112,116,120,124,128,132,136,140
allow-dfs-channels=true
allow-11na-40=true

India,IN,356
	2.4GHz:1,2,3,4,5,6,7,8,9,10,11,12,13
	5GHz:36,40,44,48,52,56,60,64,149,153,157,161,165,169,173
	5GHz DFS:52,56,60,64
allow-dfs-channels=true
allow-11na-40=true

Indonesia,ID,360
	2.4GHz:1,2,3,4,5,6,7,8,9,10,11,12,13
	5GHz:
	5GHz DFS:
allow-dfs-channels=false
allow-11na-40=false

Indonesia2,I2,361
	2.4GHz:1,2,3,4,5,6,7,8,9,10,11,12,13
	5GHz:
	5GHz DFS:
allow-dfs-channels=false
allow-11na-40=false

Indonesia5,I5,362
	2.4GHz:1
	5GHz:149,153,157,161,165
	5GHz DFS:
allow-dfs-channels=false
allow-11na-40=true

Ireland,IE,372
	2.4GHz:1,2,3,4,5,6,7,8,9,10,11,12,13
	5GHz:36,40,44,48,52,56,60,64,100,104,108,112,116,120,124,128,132,136,140
	5GHz DFS:52,56,60,64,100,104,108,112,116,120,124,128,132,136,140
allow-dfs-channels=true
allow-11na-40=true

Israel,IL,376
	2.4GHz:1,2,3,4,5,6,7,8,9,10,11,12,13
	5GHz:36,40,44,48,52,56,60,64
	5GHz DFS:52,56,60,64
allow-dfs-channels=true
allow-11na-40=true

Italy,IT,380
	2.4GHz:1,2,3,4,5,6,7,8,9,10,11,12,13
	5GHz:36,40,44,48,52,56,60,64,100,104,108,112,116,120,124,128,132,136,140
	5GHz DFS:52,56,60,64,100,104,108,112,116,120,124,128,132,136,140
allow-dfs-channels=true
allow-11na-40=true

Japan,JP,392
	2.4GHz:1,2,3,4,5,6,7,8,9,10,11,12,13
	5GHz:36,40,44,48,52,56,60,64,100,104,108,112,116,120,124,128,132,136,140
	5GHz DFS:52,56,60,64,100,104,108,112,116,120,124,128,132,136,140
allow-dfs-channels=true
allow-11na-40=true

Korea republic,KR,410
	2.4GHz:1,2,3,4,5,6,7,8,9,10,11,12,13
	5GHz:36,40,44,48,52,56,60,64,100,104,108,112,116,132,136,140,149,153,157,161,165
	5GHz DFS:52,56,60,64,100,104,108,112,116,132,136,140
allow-dfs-channels=true
allow-11na-40=true

Latvia,LV,428
	2.4GHz:1,2,3,4,5,6,7,8,9,10,11,12,13
	5GHz:36,40,44,48,52,56,60,64,100,104,108,112,116,120,124,128,132,136,140
	5GHz DFS:52,56,60,64,100,104,108,112,116,120,124,128,132,136,140
allow-dfs-channels=true
allow-11na-40=true

Lithuania,LT,440
	2.4GHz:1,2,3,4,5,6,7,8,9,10,11,12,13
	5GHz:36,40,44,48,52,56,60,64,100,104,108,112,116,120,124,128,132,136,140
	5GHz DFS:52,56,60,64,100,104,108,112,116,120,124,128,132,136,140
allow-dfs-channels=true
allow-11na-40=true

Luxembourg,LU,442
	2.4GHz:1,2,3,4,5,6,7,8,9,10,11,12,13
	5GHz:36,40,44,48,52,56,60,64,100,104,108,112,116,120,124,128,132,136,140
	5GHz DFS:52,56,60,64,100,104,108,112,116,120,124,128,132,136,140
allow-dfs-channels=true
allow-11na-40=true

Malaysia,MY,458
	2.4GHz:1,2,3,4,5,6,7,8,9,10,11,12,13
	5GHz:36,40,44,48,52,56,60,64,149,153,157,161,165
	5GHz DFS:
allow-dfs-channels=false
allow-11na-40=true

Mexico,MX,484
	2.4GHz:1,2,3,4,5,6,7,8,9,10,11,12,13
	5GHz:36,40,44,48,52,56,60,64,149,153,157,161,165
	5GHz DFS:
allow-dfs-channels=false
allow-11na-40=true

Netherlands,NL,528
	2.4GHz:1,2,3,4,5,6,7,8,9,10,11,12,13
	5GHz:36,40,44,48,52,56,60,64,100,104,108,112,116,120,124,128,132,136,140
	5GHz DFS:52,56,60,64,100,104,108,112,116,120,124,128,132,136,140
allow-dfs-channels=true
allow-11na-40=true

New zealand,NZ,554
	2.4GHz:1,2,3,4,5,6,7,8,9,10,11,12,13
	5GHz:36,40,44,48,52,56,60,64,100,104,108,112,116,132,136,140,149,153,157,161,165
	5GHz DFS:52,56,60,64,100,104,108,112,116,132,136,140
allow-dfs-channels=true
allow-11na-40=true

Norway,NO,578
	2.4GHz:1,2,3,4,5,6,7,8,9,10,11,12,13
	5GHz:36,40,44,48,52,56,60,64,100,104,108,112,116,120,124,128,132,136,140
	5GHz DFS:52,56,60,64,100,104,108,112,116,120,124,128,132,136,140
allow-dfs-channels=true
allow-11na-40=true

Pakistan,PK,586
	2.4GHz:1,2,3,4,5,6,7,8,9,10,11,12,13
	5GHz:149,153,157,161,165
	5GHz DFS:
allow-dfs-channels=false
allow-11na-40=true

Philippines,PH,608
	2.4GHz:1,2,3,4,5,6,7,8,9,10,11,12,13
	5GHz:36,40,44,48,52,56,60,64,100,104,108,112,116,120,124,128,132,136,140,149,153,157,161,165
	5GHz DFS:
allow-dfs-channels=false
allow-11na-40=true

Poland,PL,616
	2.4GHz:1,2,3,4,5,6,7,8,9,10,11,12,13
	5GHz:36,40,44,48,52,56,60,64,100,104,108,112,116,120,124,128,132,136,140
	5GHz DFS:52,56,60,64,100,104,108,112,116,120,124,128,132,136,140
allow-dfs-channels=true
allow-11na-40=true

Portugal,PT,620
	2.4GHz:1,2,3,4,5,6,7,8,9,10,11,12,13
	5GHz:36,40,44,48,52,56,60,64,100,104,108,112,116,120,124,128,132,136,140
	5GHz DFS:52,56,60,64,100,104,108,112,116,120,124,128,132,136,140
allow-dfs-channels=true
allow-11na-40=true

Romania,RO,642
	2.4GHz:1,2,3,4,5,6,7,8,9,10,11,12,13
	5GHz:36,40,44,48,52,56,60,64,100,104,108,112,116,120,124,128,132,136,140
	5GHz DFS:52,56,60,64,100,104,108,112,116,120,124,128,132,136,140
allow-dfs-channels=true
allow-11na-40=true

Russia,RU,643
	2.4GHz:1,2,3,4,5,6,7,8,9,10,11,12,13
	5GHz:36,40,44,48,52,56,60,64,100,104,108,112,116,120,124,128,132,136,140,149,153,157,161,165
	5GHz DFS:
allow-dfs-channels=false
allow-11na-40=true

Saudi arabia,SA,682
	2.4GHz:1,2,3,4,5,6,7,8,9,10,11,12,13
	5GHz:36,40,44,48,52,56,60,64,100,104,108,112,116,120,124,128,132,136,140,149,153,157,161,165
	5GHz DFS:
allow-dfs-channels=false
allow-11na-40=true

Singapore,SG,702
	2.4GHz:1,2,3,4,5,6,7,8,9,10,11,12,13
	5GHz:36,40,44,48,52,56,60,64,149,153,157,161,165
	5GHz DFS:
allow-dfs-channels=false
allow-11na-40=true

Slovak republic,SK,703
	2.4GHz:1,2,3,4,5,6,7,8,9,10,11,12,13
	5GHz:36,40,44,48,52,56,60,64,100,104,108,112,116,120,124,128,132,136,140
	5GHz DFS:52,56,60,64,100,104,108,112,116,120,124,128,132,136,140
allow-dfs-channels=true
allow-11na-40=true

Slovenia,SI,705
	2.4GHz:1,2,3,4,5,6,7,8,9,10,11,12,13
	5GHz:36,40,44,48,52,56,60,64,100,104,108,112,116,120,124,128,132,136,140
	5GHz DFS:52,56,60,64,100,104,108,112,116,120,124,128,132,136,140
allow-dfs-channels=true
allow-11na-40=true

South africa,ZA,710
	2.4GHz:1,2,3,4,5,6,7,8,9,10,11,12,13
	5GHz:36,40,44,48,52,56,60,64,100,104,108,112,116,120,124,128,132,136,140
	5GHz DFS:52,56,60,64,100,104,108,112,116,120,124,128,132,136,140
allow-dfs-channels=true
allow-11na-40=true

Spain,ES,724
	2.4GHz:1,2,3,4,5,6,7,8,9,10,11,12,13
	5GHz:36,40,44,48,52,56,60,64,100,104,108,112,116,120,124,128,132,136,140
	5GHz DFS:52,56,60,64,100,104,108,112,116,120,124,128,132,136,140
allow-dfs-channels=true
allow-11na-40=true

Sweden,SE,752
	2.4GHz:1,2,3,4,5,6,7,8,9,10,11,12,13
	5GHz:36,40,44,48,52,56,60,64,100,104,108,112,116,120,124,128,132,136,140
	5GHz DFS:52,56,60,64,100,104,108,112,116,120,124,128,132,136,140
allow-dfs-channels=true
allow-11na-40=true

Switzerland,CH,756
	2.4GHz:1,2,3,4,5,6,7,8,9,10,11,12,13
	5GHz:36,40,44,48,52,56,60,64,100,104,108,112,116,120,124,128,132,136,140
	5GHz DFS:52,56,60,64,100,104,108,112,116,120,124,128,132,136,140
allow-dfs-channels=true
allow-11na-40=true

Taiwan,TW,158
	2.4GHz:1,2,3,4,5,6,7,8,9,10,11
	5GHz:52,56,60,64,100,104,108,112,116,120,124,128,132,136,140,149,153,157,161,165
	5GHz DFS:100,104,108,112,116,120,124,128,132,136,140
allow-dfs-channels=true
allow-11na-40=true

Thailand,TH,764
	2.4GHz:1,2,3,4,5,6,7,8,9,10,11,12,13
	5GHz:36,40,44,48,52,56,60,64,100,104,108,112,116,120,124,128,132,136,140,149,153,157,161,165
	5GHz DFS:
allow-dfs-channels=false
allow-11na-40=true

Turkey,TR,792
	2.4GHz:1,2,3,4,5,6,7,8,9,10,11,12,13
	5GHz:36,40,44,48,52,56,60,64,100,104,108,112,116,120,124,128,132,136,140
	5GHz DFS:52,56,60,64,100,104,108,112,116,120,124,128,132,136,140
allow-dfs-channels=true
allow-11na-40=true

United arab emirates,AE,784
	2.4GHz:1,2,3,4,5,6,7,8,9,10,11,12,13
	5GHz:36,40,44,48,52,56,60,64,100,104,108,112,116,120,124,128,132,136,140,149,153,157,161,165
	5GHz DFS:
allow-dfs-channels=false
allow-11na-40=false

United kingdom,GB,826
	2.4GHz:1,2,3,4,5,6,7,8,9,10,11,12,13
	5GHz:36,40,44,48,52,56,60,64,100,104,108,112,116,120,124,128,132,136,140
	5GHz DFS:52,56,60,64,100,104,108,112,116,120,124,128,132,136,140
allow-dfs-channels=true
allow-11na-40=true

United states,US,840
	2.4GHz:1,2,3,4,5,6,7,8,9,10,11
	5GHz:36,40,44,48,52,56,60,64,100,104,108,112,116,132,136,140,149,153,157,161,165
	5GHz DFS:52,56,60,64,100,104,108,112,116,132,136,140
allow-dfs-channels=true
allow-11na-40=true

Uruguay,UY,858
	2.4GHz:1,2,3,4,5,6,7,8,9,10,11,12,13
	5GHz:36,40,44,48,52,56,60,64,100,104,108,112,116,120,124,128,132,136,140,149,153,157,161,165
	5GHz DFS:
allow-dfs-channels=false
allow-11na-40=true

Viet nam,VN,704
	2.4GHz:1,2,3,4,5,6,7,8,9,10,11,12,13
	5GHz:36,40,44,48,52,56,60,64
	5GHz DFS:52,56,60,64
allow-dfs-channels=true
allow-11na-40=true

